speed posx posy posz gforcex gforcey gforcez 
 1.12678055E-36 0  417.45508  1.06842555E-4  2.03659E-25  -3.7001728E-11  1.2697355E-4  2.47904289E11 
 1.9928554E-36 0  140.59752  3.7493886E-5  2.0394561E-25  -9.305436E-6  1.6534159E-6  2.89922417E10 
 5.59026E-36 0  81.23134  2.1474552E-5  2.0425839E-25  -2.3927245  2.262293E-8  5.5475067E9 
 1.6764119E-35 0  27.805912  7.177308E-6  2.0451161E-25  2041438.9  -2.2166618E-13  3.8622048E8 
 2.954063E-35 0  15.279339  4.0306454E-6  2.0473371E-25  1.37639258E9  -3.8274183E-17  7.0475992E7 
 8.5136206E-35 0  5.5117784  1.4551425E-6  2.0495305E-25  5.21603777E11  -3.74206E-21  1.4378674E7 
 2.5269758E-34 0  1.8462682  8.085989E-7  2.0511246E-25  2.12079059E14  -7.949857E-26  1706264.2 
 7.1642243E-34 0  1.0164981  2.763013E-7  2.0526863E-25  2.40436152E17  -7.609793E-30  550697.0 
 2.1728192E-33 0  0.3709781  9.655294E-8  2.0536436E-25  2.6813873E20  -1.5399017E-34  110064.875 
 3.892568E-33 0  0.12180496  3.2058058E-8  2.0542788E-25  2.9500408E23  3.346339E38  12814.216 
 1.1223456E-32 0  0.06988642  1.837472E-8  2.05459E-25  2.664954E24  -8.7409766E-35  191258.06 
 3.4078868E-32 0  0.024741324  6.2769336E-9  2.0546018E-25  3.20070304E15  0.14730196  2.76487647E14 
 9.5996875E-32 0  0.013679119  2.1140594E-9  2.0548969E-25  -0.4746704  1.6638469E22  4.259026E23 
 2.9872805E-31 0  0.0047448473  7.3749434E-10  2.0549059E-25  -5.650197E-26  7.9722883E34  5.4311555E29 
 1.4107078E-30 0  0.0016387838  2.4005473E-10  2.0549126E-25  -0.07094636  -2.6197484E-32  8.011568E34 
 4.2950946E-30 0  9.004306E-4  8.5976566E-11  2.0549173E-25  -2.336823E-22  -3.3950876E-30  1.2157056E36 
 1.2209312E-29 0  3.1943872E-4  4.73471E-11  2.0552037E-25  -4.776776E-19  -1.2182218E-30  1.2150939E36 
 3.810168E-29 0  1.082013E-4  1.5608282E-11  2.055204E-25  -2.1266874E-21  -3.1895022E-29  5.2535656E33 
 1.0958414E-28 0  5.9202597E-5  5.5235994E-12  2.055204E-25  -4.6795667E-35  4.65665E-23  1.5386119E26 
 3.357261E-28 0  2.1409316E-5  1.7849288E-12  2.055204E-25  -3.326951E21  3.0619716E-20  2.36821114E15 
 1.5707854E-27 0  7.114441E-6  6.3930247E-13  2.055204E-25  -6.0078035E-15  3.468313E-17  0.028151609 
 4.928622E-27 0  2.5291345E-6  2.1008198E-13  2.055204E-25  0.016881457  4.4550647E-15  -1.3528712E-21 
 1.4312568E-26 0  1.4199233E-6  7.32405E-14  2.0552039E-25  5.1984573E-25  4.6057654E-15  -2.5158478E-26 
 4.369385E-26 0  4.6445538E-7  2.4562099E-14  2.0552039E-25  -3.822831E-27  4.6121977E-15  -1.2428441E-29 
 2.0432357E-25 0  1.6775616E-7  8.30164E-15  2.0552039E-25  -1.6034747E-38  4.598102E-15  -1.9862753E-32 
 6.4530607E-25 0  9.347889E-8  2.8547096E-15  2.0552039E-25  5.0900724E-14  4.60467E-15  -1.7895019E-35 
 1.8942854E-24 0  3.056644E-8  9.277724E-16  2.0552039E-25  8.574888E-25  4.6003283E-15  -2.5237708E-38 
 5.732558E-24 0  1.103084E-8  3.285454E-16  2.055204E-25  1.5281945E-24  4.5916724E-15  -1.3023699E-17 
 2.6769354E-23 0  3.6056E-9  1.0631983E-16  2.055204E-25  7.716393E28  4.603536E-15  2579.5022 
 4.7787755E-23 0  1.294846E-9  3.7463374E-17  2.055204E-25  6.2105793E10  4.599193E-15  4285.504 
 8.4721964E-23 0  7.1987166E-10  1.23656065E-17  2.055204E-25  -8.4685525E-13  4.586218E-15  833.2573 
 1.4777096E-22 0  2.3249808E-10  4.2089195E-18  2.055204E-25  8.723876E-25  4.613359E-15  -2.180916E-13 
 2.5244584E-22 0  8.419958E-11  1.4240281E-18  2.055204E-25  1.5601864E-23  4.61228E-15  2.9528062E23 
 7.1623905E-22 0  2.7585116E-11  4.641019E-19  2.055204E-25  1.5933058E-23  4.590582E-15  6.8520155E13 
 1.2598489E-21 0  9.7754764E-12  9.7276466E-20  2.055204E-25  9.422199E-24  4.60469E-15  1.25882767E10 
 2.175016E-21 0  3.2557477E-12  3.3052848E-20  2.055204E-25  5.4823127E-24  4.59601E-15  3.0501138E7 
 3.65947E-21 0  1.7640913E-12  1.1147145E-20  2.0552042E-25  2.5153742E-13  4.585199E-15  -21.869291 
 6.3592123E-21 0  6.293042E-13  3.6181235E-21  2.0552042E-25  7.627611E-13  4.60356E-15  -0.018166862 
 1.8676376E-20 0  2.0748323E-13  1.2598696E-21  2.0552042E-25  2.6347351E-13  4.6111364E-15  -4.8931764E-5 
 3.190352E-20 0  7.185299E-14  2.5432431E-22  2.0552042E-25  5.043258E-14  4.586261E-15  -2.4942286E-8 
 5.3591804E-20 0  2.4159031E-14  8.5481504E-23  2.0552042E-25  2.6022492E-23  4.6013875E-15  -1.6695035E-9 
 9.638344E-20 0  8.056674E-15  2.7148755E-23  2.0552042E-25  2.390815E-22  4.6165625E-15  -1.4305225E-12 
 2.7789513E-19 0  2.7831692E-15  1.9321635E-24  2.0552043E-25  4.2405336E31  4.585162E-15  -2.403295E-16 
 4.6859983E-19 0  8.887424E-16  2.0577475E-25  2.0552043E-25  8.5669004E26  4.6111694E-15  -3.6996134E-19 
 8.149626E-19 0  1.9211648E-16  1.430479E-26  2.0552043E-25  6.260392E20  4.602512E-15  -5.0452112E-21 
 1.4542003E-18 0  6.4647196E-17  9.907336E-28  2.0552043E-25  3.84376085E12  4.5797077E-15  -6.659784E-23 
 2.5543484E-18 0  2.2199437E-17  1.0616424E-28  2.0552043E-25  3.8387784E-6  4.611158E-15  -3.850806E-23 
 6.83683E-18 0  7.18379E-18  7.4098635E-30  2.0552043E-25  0.0400835  4.595937E-15  -1.126624E-26 
 1.2247017E-17 0  2.5501213E-18  5.1080966E-31  2.0552043E-25  45.20588  1.2963222E-14  -9.850153E-14 
 2.1665495E-17 0  8.243564E-19  5.485925E-32  2.0552043E-25  5.8114903E-5  2.8492147E-8  -2.0166305E-36 
 3.770831E-17 0  2.878231E-19  3.7646382E-33  2.0552043E-25  7.0115144E-22  5.1148295  4.323225E-5 
 6.417131E-17 0  9.4977124E-20  2.5634301E-34  2.0552043E-25  7.519241E27  5.8569256E7  5.5341438E13 
 1.8401756E-16 0  3.1779336E-20  1.7292994E-35  2.0552043E-25  4.9264074E20  1.70913681E12  3.2430054E25 
 3.232557E-16 0  6.3974855E-21  1.1609872E-36  2.0552043E-25  -5.21443E-25  7.1315013E13  6.349353E28 
 5.568206E-16 0  2.2101626E-21  1.2731354E-37  2.0552043E-25  -1.1144719E-26  5.8893649E15  7.3489205E23 
 9.345321E-16 0  7.27228E-22  5.404927E-39  2.0552043E-25  -3.4589153E-34  2.17744974E18  1.28078211E12 
 1.6438734E-15 0  2.3829645E-22  -6.656019E37  2.0552043E-25  3.9708836E27  1.4532833E21  1.273468E-4 
 4.8021737E-15 0  4.840172E-23  -4.4482554E36  2.0552043E-25  -5.9165817E-5  9.772124E23  -1.5064006E-34 
 8.1650495E-15 0  9.680294E-24  -2.9622851E35  2.0552043E-25  -4.735017E-19  4.4043843E25  9.142614E31 
 1.3828991E-14 0  6.4455404E-25  -3.3170972E34  2.0552043E-25  -6.3798655E-21  1.9250999E27  4.1065616E29 
 2.4748858E-14 0  4.2747494E-26  -2.2277468E33  2.0552043E-25  -2.448227E-22  5.0916263E28  4.988154E27 
 4.3687313E-14 0  2.812334E-27  -1.4894505E32  2.0552043E-25  -2.1292184E7  2.1709195E30  -2.8544982E-23 
 1.175871E-13 0  1.8428128E-28  -1.6883198E31  2.0552043E-25  6.616957E23  9.511873E31  2.1611915E-4 
 2.0769106E-13 0  1.2030311E-29  -1.13880555E30  2.0552043E-25  7.0024165E23  4.2203586E33  3.8017967E-4 
 3.6806934E-13 0  5.0478807E-31  -1.2966557E29  2.0552043E-25  6.073646E24  1.822922E35  0.0018796432 
 6.412444E-13 0  3.323638E-32  -8.7934696E27  2.0552043E-25  1.57307884E10  9.399086E-39  -7.570558E-22 
 1.0921335E-12 0  2.1727904E-33  -1.0038781E27  2.0552043E-25  -3.735995E-21  8.983315E-38  1.4960879E32 
 1.8112765E-12 0  8.463603E-35  -1.1366391E26  2.0552043E-25  -3.1894614E-20  4.9718446E-37  4.1560634E33 
 3.2418963E-12 0  3.2878995E-36  -7.802247E24  2.0552043E-25  -1.2833844E-21  4.353574E-36  8.95183E31 
 5.7190485E-12 0  1.3365522E-37  1.1415806E21  2.0552043E-25  -2.8255108E-23  6.236605E-35  6.7627824E29 
 1.549721E-11 0  5.168247E-39  1.5162668E19  2.0552043E-25  -5.7325287E-24  5.5530656E-34  2.4506598E29 
 2.697686E-11 0  -2.2199678E37  1.19767688E17  2.0552043E-25  -4.8852723E-27  8.13415E-33  1.8350995E27 
 4.7782472E-11 0  -8.915071E35  1.56996543E15  2.0552043E-25  -1.2517485E-29  7.3597754E-32  4.040469E25 
 8.311676E-11 0  -3.3925385E34  2.01166957E13  2.0552043E-25  -9.256517E-32  1.0853105E-30  1.58955E24 
 1.4126417E-10 0  -1.24219716E33  2.61542117E11  2.0552043E-25  -9.792395E-36  1.5958606E-29  2.3038521E21 
 2.3249917E-10 0  -3.0109463E31  5.9397258E9  2.0552043E-25  3.7984357E37  1.4669759E-28  1.18342567E18 
 4.1420772E-10 0  -1.11114495E30  7.9204368E7  2.0552043E-25  1.23822995E33  2.1779504E-27  5.9909928E14 
 7.2555234E-10 0  -2.6133463E28  1789843.0  2.0552043E-25  8.6892364E27  3.2124527E-26  1.06884432E11 
 1.2439714E-9 0  -5.8068834E26  40972.273  2.0552043E-25  -3.4470253E17  4.6347595E-25  3624729.5 
 2.0719662E-9 0  -1.3739792E25  1546.9618  2.0552043E-25  -303.57898  4.223351E-24  -1.0829594E-6 
 3.514076E-9 0  3.9314824E20  34.992554  2.0552043E-25  -1.7896245E-22  6.0543364E-23  -2.4872655E-20 
 6.178019E-9 0  2.0326242E17  1.4038746  2.0552043E-25  -1.3290737E-6  5.4064043E-22  2.5729166E38 
 6.4292767E-9 0  1.03067454E14  0.05410427  2.0552043E-25  -5.643876E35  4.745623E-21  -5.6253487E-12 
 1.1151355E-8 0  3.03199109E10  0.0034585062  2.0552043E-25  -0.017681554  2.4104353E-20  -4.579512E-7 
 1.8856808E-8 0  8775231.0  1.3793522E-4  2.0552043E-25  5.7370068E26  2.0149026E-19  -1.982746E-26 
 3.073073E-8 0  2720.915  9.331596E-6  2.0552043E-25  -4.1103355E-34  1.0660143E-18  -12.73606 
 5.3449867E-8 0  0.8105471  1.0032823E-6  2.0552043E-25  -9.358881E-20  5.4757193E-18  3.65680497E18 
 5.5123127E-8 0  2.3419564E-4  1.1389459E-7  2.0552043E-25  -4.104411E-10  2.6580162E-17  1.164683E34 
 9.5733995E-8 0  1.14331E-7  1.3387467E-8  2.0552043E-25  -0.36212167  8.166087E-17  -5.6911146E-36 
 1.6208219E-7 0  1.6294609E-13  5.236736E-10  2.0552043E-25  2.72054231E10  1.4184876E-16  -1.1170604E-28 
 1.6779086E-7 0  2.3579016E-20  2.0552803E-11  2.0552043E-25  1.3528241E15  2.3254961E-16  -3.7864197E-21 
 2.7550183E-7 0  2.1656356E-27  7.9631907E-13  2.0552043E-25  4.0805326E19  2.3695903E-16  -1.2694895E-13 
 2.8568996E-7 0  1.8501274E-34  5.230385E-14  2.0552043E-25  3.5524155E24  2.353994E-16  9.311602E-7 
 4.6314733E-7 0  3.2486385E31  3.5022396E-15  2.0552043E-25  1.6937916E29  1.4310233E-16  0.005667778 
 4.7231833E-7 0  8.7890716E16  4.1192014E-16  2.0552043E-25  8.8776784E33  8.335502E-17  31.717787 
 8.2024076E-7 0  0.0673068  8.279701E-17  2.0552043E-25  NaN  4.6876918E-17  197459.67 
 8.3624946E-7 0  9.157193E37  2.6054836E-17  2.0552043E-25  -2.59648E-36  1.556883E-17  1.04281824E9 
 1.4190537E-6 0  -1.6639457E-27  5.5773455E-18  2.0552043E-25  -3.3860406E-34  5.3518242E-18  2.12802955E12 
 1.4461244E-6 0  1.556765E-19  3.106722E-18  2.0552043E-25  -2.5070653E-32  1.0554286E-18  4.09244885E15 
 1.470874E-6 0  4.9063584E8  1.7684381E-18  2.0552043E-25  -1.1799698E-30  2.0019996E-19  1.69274048E18 
 2.420291E-6 0  3.2819092E23  1.7319918E-18  2.0552043E-25  -4.8968105E-29  2.4029745E-20  6.0886246E20 
 2.459888E-6 0  5.6284464E-38  1.7673467E-18  2.0552043E-25  -7.611629E-28  2.8074841E-21  5.6701237E21 
 2.4947979E-6 0  3.0296874E-30  3.1003916E-18  2.0552043E-25  -1.1410912E-26  3.2116638E-22  4.9806803E22 
 2.5245229E-6 0  1.0469734E-22  5.5508203E-18  2.0552043E-25  -9.661347E-26  3.618291E-23  4.1594212E23 
 3.9676675E-6 0  6.231568E-15  1.606845E-17  2.0552043E-25  -3.0633397E-25  2.4564488E-24  1.18517E24 
 4.007248E-6 0  4.1857135E-8  8.091692E-17  2.0552043E-25  -8.535934E-25  1.659954E-25  2.165662E24 
 4.036411E-6 0  3.9941515E-4  3.987083E-16  2.0552043E-25  -1.4690316E-24  1.8222915E-26  3.7220264E24 
 4.056221E-6 0  2.3244815  2.0775495E-15  2.0552043E-25  -1.4607167E-24  1.2178733E-27  3.730837E24 
 4.0667037E-6 0  13774.644  1.8175667E-14  2.0552043E-25  -5.2054747E-25  8.077284E-29  2.1394891E24 
 4.067899E-6 0  8.0516352E7  1.614912E-13  2.0552043E-25  -1.7471254E-25  3.1245622E-30  1.1768793E24 
 4.060888E-6 0  7.7695681E11  2.3528358E-12  2.0552043E-25  -5.530933E-26  2.1009864E-31  4.1686846E23 
 4.0456935E-6 0  4.34340191E15  3.4845106E-11  2.0552043E-25  -6.426112E-27  1.4211536E-32  8.0387965E22 
 4.0212917E-6 0  2.6684017E19  5.256626E-10  2.0552043E-25  -7.5314357E-28  9.52911E-34  1.6180285E22 
 3.9898264E-6 0  -7.8671674E24  7.762187E-9  2.0552043E-25  -8.626125E-29  6.4173554E-35  1.9279091E21 
 3.950266E-6 0  -5.824833E26  4.1220403E-8  2.0552043E-25  -5.66691E-30  4.3132223E-36  1.2702934E20 
 2.5180877E-6 0  -4.50651E28  2.0691385E-7  2.0552043E-25  -1.1717975E-30  2.8186926E-37  1.4703308E19 
 2.491303E-6 0  -5.572324E30  1.0445984E-6  2.0552043E-25  -8.662685E-21  2.4507683E33  4.2813187E27 
 2.4604867E-6 0  -4.4370278E32  8.891424E-6  2.0552043E-25  -3.8959513E-11  6.1534354E26  2.476708E35 
 2.4272629E-6 0  -3.4039043E34  4.6903573E-5  2.0552043E-25  0.012868434  2.8625076E20  -2.3010438E-35 
 2.3906034E-6 0  -2.5444744E36  2.3348987E-4  2.0552043E-25  14.376003  6.5960423E14  -1.2413261E-30 
 1.4586369E-6 0  -3.2306516E38  0.0019485601  2.0552043E-25  -2.25033E-11  9.8002482E11  1.4375724E35 
 1.4376895E-6 0  2.212334E-37  0.0107284505  2.0552043E-25  -7.4119207E-28  4.3372913E9  1.626381E22 
 1.4155652E-6 0  2.794622E-35  0.09098865  2.0552043E-25  3.458762E28  3.3225892E7  0.08740022 
 8.3784363E-7 0  2.2155964E-33  0.45836154  2.0552043E-25  -2.4154778E-10  249602.47  -1.5218924E-38 
 8.257752E-7 0  1.6903736E-31  3.8277647  2.0552043E-25  -2.2153391E-21  89737.27  4.02279E25 
 8.135448E-7 0  2.1311081E-29  20.625053  2.0552043E-25  -1.8659159E-16  89876.15  2.3112678E33 
 4.7129453E-7 0  1.57891945E-27  106.375595  2.0552043E-25  4.65129221E14  89877.99  -1.270815E-17 
 4.6489163E-7 0  1.2590854E-25  889.37823  2.0552043E-25  2.33648243E11  89877.71  -5.052506E-23 
 4.582761E-7 0  9.805431E-24  4543.329  2.0552043E-25  -736.668  89797.266  -7.0070345E-29 
 2.8394314E-7 0  1.4541004E-22  24280.186  2.0552043E-25  -4.983246E-15  89916.45  2.9961352E35 
 2.7717533E-7 0  1.2740828E-21  203987.36  2.0552043E-25  -1.647671E-25  89877.336  6.745395E23 
 2.7026294E-7 0  1.10954316E-20  1011681.75  2.0552043E-25  -0.00615312  89836.5  -2.1676885E-31 
 1.6702856E-7 0  9.598622E-20  8437424.0  2.0552043E-25  -204945.38  89936.94  -7.2289675E-24 
 1.6349833E-7 0  8.258145E-19  4.6287592E7  2.0552043E-25  -8.8508654E10  89797.125  -2.0727262E-19 
 9.766248E-8 0  7.190049E-18  2.35096048E8  2.0552043E-25  -2.25951465E16  89756.15  -3.5254233E-15 
 9.589722E-8 0  6.471413E-17  1.95961318E9  2.0552043E-25  -6.4852165E20  89816.875  -1.2398108E-11 
 9.411485E-8 0  5.7539695E-16  1.02704148E10  2.0552043E-25  1.3300172E25  89836.46  -1.635963E-9 
 5.5023364E-8 0  5.0461094E-15  5.3658374E10  2.0552043E-25  1.7871759E27  89817.37  -5.6163417E-6 
 5.414954E-8 0  4.393096E-14  4.48270991E11  2.0552043E-25  -2.2414765E-6  125.97453  -9.420623E-36 
 5.3258727E-8 0  6.266675E-13  2.18951962E12  2.0552043E-25  -18663.133  8.046608E-11  -1.0367773E-27 
 3.1412686E-8 0  5.4969696E-12  1.18403461E13  2.0552043E-25  5.720663E36  1.339994E-22  323410.38 
 3.0530114E-8 0  4.7880148E-11  5.9552913E13  2.0552043E-25  -9.9122665E-26  1.441169E31  1.1741E24 
 1.9247855E-8 0  4.1463166E-10  2.90240602E14  2.0552043E-25  -2.1433344E-19  2491.4353  1.0665746E29 
 1.8811184E-8 0  3.5726622E-9  1.53011149E15  2.0552043E-25  -7.536068E-36  -1.9305808E-16  8.5819744E10 
 1.8374937E-8 0  3.1458434E-8  4.43892601E15  2.0552043E-25  4.7901184E10  2.3795804E29  -5.9100426E-24 
 1.11855645E-8 0  2.8452158E-7  2.2969163E16  2.0552043E-25  -2.5969785E25  -2.3444798E-20  -5.965576E-5 
 1.0978518E-8 0  2.52918E-6  6.7061783E16  2.0552043E-25  -28.113464  1.86622651E15  -7.634832E-30 
 1.077399E-8 0  3.539844E-5  2.06826143E17  2.0552043E-25  -268354.72  -1.2950843E-15  -8.9658456E-27 
 6.3940453E-9 0  3.1430018E-4  5.75515172E17  2.0552043E-25  -3.5928922E-5  -2.2478002E28  -1.509043E-34 
 6.297357E-9 0  0.002767462  1.78535757E18  2.0552043E-25  -1934.2502  -4.1905896E-28  -1.0334787E-28 
 6.2030105E-9 0  0.024116663  5.0223866E18  2.0552043E-25  7.922629E-32  1.782402E7  -8.9122833E14 
 3.6084478E-9 0  0.20863402  8.8349751E18  2.0552043E-25  -1.8891747E31  3.5666994E22  -3.1015725 
 3.5635594E-9 0  1.7943913  2.6481654E19  2.0552043E-25  5.211346E31  1.5915605E36  -60.98643 
 3.5203414E-9 0  15.355072  4.5848953E19  2.0552043E-25  4.72605585E14  -4.5685377E-34  -1.3000369E-17 
 2.1680513E-9 0  134.15039  7.681887E19  2.0552043E-25  1.05254659E17  -1.5274242E-26  -4.5620463E-14 
 2.1276578E-9 0  1202.4586  2.2615308E20  2.0552043E-25  1.79470723E17  -5.7222235E-20  -1.2965464E-13 
 2.0889988E-9 0  10618.536  2.3714397E20  2.0552043E-25  1.86462861E17  -7.6654605E-14  -2.1829825E-13 
 2.0520579E-9 0  92740.09  4.0585068E20  2.0552043E-25  1.84835326E17  6.470628E-8  -2.1625297E-13 
 1.2846303E-9 0  804582.2  6.697759E20  2.0552043E-25  2.92982809E17  4.3585933E-5  -2.2176887E-13 
 1.2678394E-9 0  6948174.0  1.11311025E21  2.0552043E-25  1.75686891E17  0.02876672  -1.2493502E-13 
 1.2513681E-9 0  -8.9360937E9  1.1365302E21  2.0552043E-25  6.0564133E16  19.003344  -2.5315792E-14 
 1.2360135E-9 0  -2.75570422E10  1.9586222E21  2.0552043E-25  1.23828395E16  4185.548  -2.9451488E-15 
 7.490073E-10 0  -8.0205087E10  1.984197E21  2.0552043E-25  4.05818414E15  529570.56  -5.7103054E-16 
 7.4231976E-10 0  -2.37926203E11  1.9993283E21  2.0552043E-25  1.41810076E15  2.5082336E7  -1.08858166E-16 
 7.3593576E-10 0  -7.1169593E11  2.0040073E21  2.0552043E-25  4.57571085E14  6.5615443E8  -7.534951E-18 
 7.299606E-10 0  -2.04925803E12  1.9978776E21  2.0552043E-25  9.5465815E13  5.0269114E10  -1.4959848E-18 
 7.245551E-10 0  -6.2916133E12  1.9809433E21  2.0552043E-25  1.75934926E13  7.3849995E11  -9.859705E-20 
 7.1958844E-10 0  -1.7544415E13  1.15203634E21  2.0552043E-25  6.1641856E12  6.4739884E12  -1.1539588E-20 
